Sigmas: [1e-05, 0.0001, 0.001, 0.01]
lambda:0.1
0.8465573367729257,0.8465573367729257,0.8465573367729257,0.8465573367729256
lambda:1
0.8468214483139855,0.8468214483139855,0.8468030219274,0.8468214483139859
lambda:10.0
0.8466863214790247,0.8466924636078865,0.8466924636078865,0.8466955346723171
lambda:100.0
0.8448498249493275,0.8448498249493275,0.8448559670781893,0.8448498249493275
lambda:1000.0
0.8335483078434986,0.8335483078434986,0.8335483078434986,0.8335452367790679
lambda:10000.0
0.8211412075425341,0.8211412075425341,0.8211412075425341,0.8211412075425344
